1731865734744 0.04833836858006042 1
1731865753753 0.04833836858006042 1
1731865772310 0.09667673716012085 2
1731865790070 0.09667673716012085 2
1731865808578 0.14501510574018128 3
1731865826827 0.14501510574018128 3
1731865845684 0.1933534743202417 4
1731865863907 0.1933534743202417 4
1731865882603 0.24169184290030213 5
1731865900696 0.24169184290030213 5
1731865919295 0.29003021148036257 6
1731865937422 0.29003021148036257 6
1731865956032 0.338368580060423 7
1731865974223 0.338368580060423 7
1731865992916 0.3867069486404834 8
1731866011120 0.3867069486404834 8
1731866029683 0.4350453172205438 9
1731866047845 0.4350453172205438 9
1731866066449 0.48338368580060426 10
1731866084714 0.48338368580060426 10
1731866103289 0.5317220543806647 11
1731866121451 0.5317220543806647 11
1731866139916 0.5800604229607251 12
1731866158063 0.5800604229607251 12
1731866176708 0.6283987915407855 13
1731866194861 0.6283987915407855 13
1731866213601 0.676737160120846 14
1731866231749 0.676737160120846 14
1731866250337 0.7250755287009063 15
1731866268528 0.7250755287009063 15
1731866287212 0.7734138972809668 16
1731866305434 0.7734138972809668 16
1731866324219 0.8217522658610272 17
1731866342461 0.8217522658610272 17
1731866361347 0.8700906344410876 18
1731866379551 0.8700906344410876 18
1731866398156 0.918429003021148 19
1731866416324 0.918429003021148 19
1731866435106 0.9667673716012085 20
1731866453253 0.9667673716012085 20
1731866474869 1.0302114803625377 21
1731866493072 1.0302114803625377 21
1731866511651 1.0785498489425982 22
1731866529782 1.0785498489425982 22
1731866548245 1.1268882175226587 23
1731866566270 1.1268882175226587 23
1731866584681 1.1752265861027191 24
1731866602811 1.1752265861027191 24
1731866621335 1.2235649546827794 25
1731866639536 1.2235649546827794 25
1731866658348 1.2719033232628398 26
1731866676578 1.2719033232628398 26
1731866695233 1.3202416918429003 27
1731866713302 1.3202416918429003 27
1731866731843 1.3685800604229608 28
1731866749897 1.3685800604229608 28
1731866768333 1.4169184290030212 29
1731866786456 1.4169184290030212 29
1731866805118 1.4652567975830815 30
1731866823266 1.4652567975830815 30
1731866841894 1.513595166163142 31
1731866860081 1.513595166163142 31
1731866878942 1.5619335347432024 32
1731866897179 1.5619335347432024 32
1731866915647 1.6102719033232629 33
1731866933792 1.6102719033232629 33
1731866952608 1.6586102719033233 34
1731866970800 1.6586102719033233 34
1731866989373 1.7069486404833838 35
1731867007572 1.7069486404833838 35
1731867026131 1.7552870090634443 36
1731867044385 1.7552870090634443 36
1731867062984 1.8036253776435045 37
1731867081219 1.8036253776435045 37
1731867099820 1.851963746223565 38
1731867118052 1.851963746223565 38
1731867136675 1.9003021148036254 39
1731867154817 1.9003021148036254 39
1731867173663 1.9486404833836857 40
1731867191825 1.9486404833836857 40
1731867202065 1.9486404833836857 40
