1731865734744 0.4563941955566406 1
1731865772310 0.522382915019989 2
1731865808578 0.4299774467945099 3
1731865845684 0.32297179102897644 4
1731865882603 0.1716260462999344 5
1731865919295 0.10391516238451004 6
1731865956032 0.0864676907658577 7
1731865992916 0.19517850875854492 8
1731866029683 0.08238157629966736 9
1731866066449 0.16990123689174652 10
1731866103289 0.22697192430496216 11
1731866139916 0.11599202454090118 12
1731866176708 0.1312551200389862 13
1731866213601 0.08925636857748032 14
1731866250337 0.16185100376605988 15
1731866287212 0.08882635831832886 16
1731866324219 0.10749746114015579 17
1731866361347 0.06583192944526672 18
1731866398156 0.05883817374706268 19
1731866435106 0.05694211274385452 20
1731866474869 0.10799776017665863 21
1731866511651 0.04551759362220764 22
1731866548245 0.05902225524187088 23
1731866584681 0.038234811276197433 24
1731866621335 0.0342341773211956 25
1731866658348 0.03889158368110657 26
1731866695233 0.036909278482198715 27
1731866731843 0.03733551874756813 28
1731866768333 0.03278655931353569 29
1731866805118 0.05148858204483986 30
1731866841894 0.03446260094642639 31
1731866878942 0.035927388817071915 32
1731866915647 0.03271535411477089 33
1731866952608 0.03482499346137047 34
1731866989373 0.029872430488467216 35
1731867026131 0.036498457193374634 36
1731867062984 0.029987500980496407 37
1731867099820 0.02938474714756012 38
1731867136675 0.031636156141757965 39
1731867173663 0.031224887818098068 40
