1731865734744 0.0002 1
1731865772310 0.0004 2
1731865808578 0.0006 3
1731865845684 0.0008 4
1731865882603 0.001 5
1731865919295 0.0012 6
1731865956032 0.0014 7
1731865992916 0.0016 8
1731866029683 0.0018000000000000002 9
1731866066449 0.002 10
1731866103289 0.0019333333333333333 11
1731866139916 0.0018666666666666666 12
1731866176708 0.0018000000000000002 13
1731866213601 0.0017333333333333335 14
1731866250337 0.0016666666666666668 15
1731866287212 0.0016 16
1731866324219 0.0015333333333333334 17
1731866361347 0.0014666666666666667 18
1731866398156 0.0014 19
1731866435106 0.0013333333333333333 20
1731866474869 0.0012666666666666666 21
1731866511651 0.0012 22
1731866548245 0.0011333333333333334 23
1731866584681 0.0010666666666666667 24
1731866621335 0.001 25
1731866658348 0.0009333333333333333 26
1731866695233 0.0008666666666666667 27
1731866731843 0.0008 28
1731866768333 0.0007333333333333333 29
1731866805118 0.0006666666666666666 30
1731866841894 0.0006 31
1731866878942 0.0005333333333333334 32
1731866915647 0.00046666666666666666 33
1731866952608 0.0004 34
1731866989373 0.0003333333333333333 35
1731867026131 0.0002666666666666667 36
1731867062984 0.0002 37
1731867099820 0.00013333333333333334 38
1731867136675 6.666666666666667e-05 39
1731867173663 0.0 40
