1731865734744 1.0197 1
1731865772310 1.0017 2
1731865808578 0.9202 3
1731865845684 0.9518 4
1731865882603 0.9537 5
1731865919295 0.8873 6
1731865956032 0.9064 7
1731865992916 0.8615 8
1731866029683 0.887 9
1731866066449 0.897 10
1731866103289 0.8719 11
1731866139916 0.8874 12
1731866176708 0.866 13
1731866213601 0.9095 14
1731866250337 0.8961 15
1731866287212 0.8552 16
1731866324219 0.898 17
1731866361347 0.8592 18
1731866398156 0.8502 19
1731866435106 0.8409 20
1731866474869 1.3799 21
1731866511651 0.8438 22
1731866548245 0.8078 23
1731866584681 0.8643 24
1731866621335 0.8408 25
1731866658348 0.8367 26
1731866695233 0.8476 27
1731866731843 0.8336 28
1731866768333 0.8364 29
1731866805118 0.8481 30
1731866841894 0.8207 31
1731866878942 0.8718 32
1731866915647 0.8231 33
1731866952608 0.844 34
1731866989373 0.8292 35
1731867026131 0.8248 36
1731867062984 0.8457 37
1731867099820 0.8092 38
1731867136675 0.8595 39
1731867173663 0.8658 40
