1731865734748 1.0197 1
1731865772314 1.0017 2
1731865808583 0.9202 3
1731865845689 0.9518 4
1731865882608 0.9537 5
1731865919300 0.8873 6
1731865956036 0.9064 7
1731865992921 0.8615 8
1731866029687 0.887 9
1731866066454 0.897 10
1731866103293 0.8719 11
1731866139920 0.8874 12
1731866176712 0.866 13
1731866213605 0.9095 14
1731866250342 0.8961 15
1731866287217 0.8552 16
1731866324224 0.898 17
1731866361351 0.8592 18
1731866398161 0.8502 19
1731866435111 0.8409 20
1731866474874 1.3799 21
1731866511656 0.8438 22
1731866548249 0.8078 23
1731866584686 0.8643 24
1731866621341 0.8408 25
1731866658354 0.8367 26
1731866695238 0.8476 27
1731866731848 0.8336 28
1731866768337 0.8364 29
1731866805123 0.8481 30
1731866841899 0.8207 31
1731866878947 0.8718 32
1731866915651 0.8231 33
1731866952613 0.844 34
1731866989379 0.8292 35
1731867026136 0.8248 36
1731867062989 0.8457 37
1731867099824 0.8092 38
1731867136680 0.8595 39
1731867173667 0.8658 40
