1731862556920 0.07239819004524888 1
1731862574028 0.07239819004524888 1
1731862598233 0.14479638009049775 2
1731862616712 0.14479638009049775 2
1731862642583 0.2171945701357466 3
1731862660413 0.2171945701357466 3
1731862685397 0.2895927601809955 4
1731862703579 0.2895927601809955 4
1731862728946 0.36199095022624433 5
1731862747048 0.36199095022624433 5
1731862772047 0.4343891402714932 6
1731862790109 0.4343891402714932 6
1731862815233 0.5067873303167421 7
1731862833475 0.5067873303167421 7
1731862858708 0.579185520361991 8
1731862876742 0.579185520361991 8
1731862901942 0.6515837104072398 9
1731862920043 0.6515837104072398 9
1731862945362 0.7239819004524887 10
1731862963559 0.7239819004524887 10
1731862988859 0.7963800904977375 11
1731863007062 0.7963800904977375 11
1731863032465 0.8687782805429864 12
1731863050614 0.8687782805429864 12
1731863075813 0.9411764705882353 13
1731863093871 0.9411764705882353 13
1731863121682 1.0452488687782806 14
1731863139907 1.0452488687782806 14
1731863164930 1.1176470588235294 15
1731863183021 1.1176470588235294 15
1731863208033 1.1900452488687783 16
1731863226200 1.1900452488687783 16
1731863251531 1.262443438914027 17
1731863269781 1.262443438914027 17
1731863294978 1.334841628959276 18
1731863313121 1.334841628959276 18
1731863338279 1.4072398190045248 19
1731863356348 1.4072398190045248 19
1731863381456 1.4796380090497738 20
1731863399613 1.4796380090497738 20
1731863425045 1.5520361990950227 21
1731863443218 1.5520361990950227 21
1731863468349 1.6244343891402715 22
1731863486530 1.6244343891402715 22
1731863511752 1.6968325791855203 23
1731863529941 1.6968325791855203 23
1731863554995 1.7692307692307692 24
1731863573109 1.7692307692307692 24
1731863598051 1.8416289592760182 25
1731863616196 1.8416289592760182 25
1731863641231 1.9140271493212668 26
1731863659475 1.9140271493212668 26
1731863687869 2.018099547511312 27
1731863706079 2.018099547511312 27
1731863731180 2.090497737556561 28
1731863749274 2.090497737556561 28
1731863774345 2.16289592760181 29
1731863792467 2.16289592760181 29
1731863817994 2.235294117647059 30
1731863836241 2.235294117647059 30
1731863861269 2.3076923076923075 31
1731863879476 2.3076923076923075 31
1731863904823 2.3800904977375565 32
1731863922967 2.3800904977375565 32
1731863947872 2.4524886877828056 33
1731863966059 2.4524886877828056 33
1731863991045 2.524886877828054 34
1731864009176 2.524886877828054 34
1731864034317 2.5972850678733033 35
1731864052612 2.5972850678733033 35
1731864077694 2.669683257918552 36
1731864095894 2.669683257918552 36
1731864120982 2.742081447963801 37
1731864139155 2.742081447963801 37
1731864164530 2.8144796380090495 38
1731864182808 2.8144796380090495 38
1731864208022 2.8868778280542986 39
1731864226247 2.8868778280542986 39
1731864251452 2.9592760180995477 40
1731864269601 2.9592760180995477 40
1731864297926 3.0633484162895925 41
1731864316228 3.0633484162895925 41
1731864341451 3.1357466063348416 42
1731864359462 3.1357466063348416 42
1731864384596 3.2081447963800906 43
1731864402819 3.2081447963800906 43
1731864427547 3.2805429864253393 44
1731864445616 3.2805429864253393 44
1731864470529 3.3529411764705883 45
1731864488607 3.3529411764705883 45
1731864514029 3.425339366515837 46
1731864532240 3.425339366515837 46
1731864557483 3.497737556561086 47
1731864575710 3.497737556561086 47
1731864600794 3.5701357466063346 48
1731864619016 3.5701357466063346 48
1731864644147 3.6425339366515836 49
1731864662398 3.6425339366515836 49
1731864687583 3.7149321266968327 50
1731864705771 3.7149321266968327 50
1731864730908 3.7873303167420813 51
1731864749035 3.7873303167420813 51
1731864774104 3.8597285067873304 52
1731864792328 3.8597285067873304 52
1731864817514 3.9321266968325794 53
1731864835720 3.9321266968325794 53
1731864863464 4.036199095022624 54
1731864881724 4.036199095022624 54
1731864906937 4.108597285067873 55
1731864925064 4.108597285067873 55
1731864950093 4.180995475113122 56
1731864968164 4.180995475113122 56
1731864993501 4.253393665158371 57
1731865011728 4.253393665158371 57
1731865036760 4.32579185520362 58
1731865054944 4.32579185520362 58
1731865080201 4.398190045248869 59
1731865098358 4.398190045248869 59
1731865123397 4.470588235294118 60
1731865141516 4.470588235294118 60
1731865166720 4.542986425339366 61
1731865184773 4.542986425339366 61
1731865209689 4.615384615384615 62
1731865227774 4.615384615384615 62
1731865252758 4.6877828054298645 63
1731865270869 4.6877828054298645 63
1731865296001 4.760180995475113 64
1731865314193 4.760180995475113 64
1731865339178 4.832579185520362 65
1731865357400 4.832579185520362 65
1731865365899 4.832579185520362 65
