1731862556920 0.20902960002422333 1
1731862598233 0.20671232044696808 2
1731862642583 0.19331808388233185 3
1731862685397 0.20390713214874268 4
1731862728946 0.29991206526756287 5
1731862772047 0.3199218511581421 6
1731862815233 1.1770899295806885 7
1731862858708 0.40565910935401917 8
1731862901942 0.18371835350990295 9
1731862945362 0.1109686866402626 10
1731862988859 0.09535393118858337 11
1731863032465 0.08633556216955185 12
1731863075813 0.09081139415502548 13
1731863121682 0.15004226565361023 14
1731863164930 0.15289172530174255 15
1731863208033 0.07998228818178177 16
1731863251531 0.05340835824608803 17
1731863294978 0.04488774389028549 18
1731863338279 0.03844804689288139 19
1731863381456 0.06024302914738655 20
1731863425045 0.07337023317813873 21
1731863468349 0.03187389299273491 22
1731863511752 0.05022807791829109 23
1731863554995 0.037215836346149445 24
1731863598051 0.039484843611717224 25
1731863641231 0.028875255957245827 26
1731863687869 0.08394907414913177 27
1731863731180 0.03149065375328064 28
1731863774345 0.03102591447532177 29
1731863817994 0.04244217276573181 30
1731863861269 0.029973229393363 31
1731863904823 0.031441591680049896 32
1731863947872 0.025869371369481087 33
1731863991045 0.02731744386255741 34
1731864034317 0.02505378983914852 35
1731864077694 0.02482612431049347 36
1731864120982 0.02868022210896015 37
1731864164530 0.026268498972058296 38
1731864208022 0.026588425040245056 39
1731864251452 0.03913548216223717 40
1731864297926 0.036215852946043015 41
1731864341451 0.026220738887786865 42
1731864384596 0.023484444245696068 43
1731864427547 0.02763918973505497 44
1731864470529 0.03339148312807083 45
1731864514029 0.02870066836476326 46
1731864557483 0.028143733739852905 47
1731864600794 0.02328851819038391 48
1731864644147 0.027671093121170998 49
1731864687583 0.028122542425990105 50
1731864730908 0.026628559455275536 51
1731864774104 0.028012022376060486 52
1731864817514 0.025929052382707596 53
1731864863464 0.04756573215126991 54
1731864906937 0.024395035579800606 55
1731864950093 0.028204292058944702 56
1731864993501 0.024566257372498512 57
1731865036760 0.02230868861079216 58
1731865080201 0.025818264111876488 59
1731865123397 0.026137568056583405 60
1731865166720 0.023993251845240593 61
1731865209689 0.029123248532414436 62
1731865252758 0.024508614093065262 63
1731865296001 0.024753376841545105 64
1731865339178 0.025332994759082794 65
