1731862556920 0.0002 1
1731862598233 0.0004 2
1731862642583 0.0006 3
1731862685397 0.0008 4
1731862728946 0.001 5
1731862772047 0.0012 6
1731862815233 0.0014 7
1731862858708 0.0016 8
1731862901942 0.0018000000000000002 9
1731862945362 0.002 10
1731862988859 0.0019636363636363636 11
1731863032465 0.0019272727272727273 12
1731863075813 0.0018909090909090909 13
1731863121682 0.0018545454545454546 14
1731863164930 0.0018181818181818182 15
1731863208033 0.0017818181818181817 16
1731863251531 0.0017454545454545455 17
1731863294978 0.001709090909090909 18
1731863338279 0.0016727272727272726 19
1731863381456 0.0016363636363636365 20
1731863425045 0.0016 21
1731863468349 0.0015636363636363638 22
1731863511752 0.0015272727272727274 23
1731863554995 0.001490909090909091 24
1731863598051 0.0014545454545454547 25
1731863641231 0.0014181818181818182 26
1731863687869 0.0013818181818181818 27
1731863731180 0.0013454545454545455 28
1731863774345 0.001309090909090909 29
1731863817994 0.0012727272727272728 30
1731863861269 0.0012363636363636364 31
1731863904823 0.0012 32
1731863947872 0.0011636363636363637 33
1731863991045 0.0011272727272727272 34
1731864034317 0.001090909090909091 35
1731864077694 0.0010545454545454545 36
1731864120982 0.001018181818181818 37
1731864164530 0.0009818181818181818 38
1731864208022 0.0009454545454545454 39
1731864251452 0.0009090909090909091 40
1731864297926 0.0008727272727272727 41
1731864341451 0.0008363636363636363 42
1731864384596 0.0008 43
1731864427547 0.0007636363636363637 44
1731864470529 0.0007272727272727273 45
1731864514029 0.0006909090909090909 46
1731864557483 0.0006545454545454545 47
1731864600794 0.0006181818181818182 48
1731864644147 0.0005818181818181818 49
1731864687583 0.0005454545454545455 50
1731864730908 0.000509090909090909 51
1731864774104 0.0004727272727272727 52
1731864817514 0.00043636363636363637 53
1731864863464 0.0004 54
1731864906937 0.00036363636363636367 55
1731864950093 0.00032727272727272726 56
1731864993501 0.0002909090909090909 57
1731865036760 0.0002545454545454545 58
1731865080201 0.00021818181818181818 59
1731865123397 0.00018181818181818183 60
1731865166720 0.00014545454545454546 61
1731865209689 0.00010909090909090909 62
1731865252758 7.272727272727273e-05 63
1731865296001 3.6363636363636364e-05 64
1731865339178 0.0 65
