1731862556920 3.188 1
1731862598233 3.1925 2
1731862642583 3.0498 3
1731862685397 2.7182 4
1731862728946 2.2137 5
1731862772047 1.7088 6
1731862815233 1.4761 7
1731862858708 1.3045 8
1731862901942 1.1413 9
1731862945362 1.0697 10
1731862988859 0.9849 11
1731863032465 0.9771 12
1731863075813 0.9218 13
1731863121682 1.5305 14
1731863164930 0.9182 15
1731863208033 0.9326 16
1731863251531 0.9157 17
1731863294978 0.9055 18
1731863338279 0.9161 19
1731863381456 0.9113 20
1731863425045 0.9128 21
1731863468349 0.8853 22
1731863511752 0.9098 23
1731863554995 0.9034 24
1731863598051 0.8875 25
1731863641231 0.9042 26
1731863687869 1.459 27
1731863731180 0.8746 28
1731863774345 0.9171 29
1731863817994 0.8823 30
1731863861269 0.8756 31
1731863904823 0.8752 32
1731863947872 0.8757 33
1731863991045 0.8609 34
1731864034317 0.8514 35
1731864077694 0.8641 36
1731864120982 0.8765 37
1731864164530 0.8847 38
1731864208022 0.863 39
1731864251452 1.2568 40
1731864297926 1.0701 41
1731864341451 0.8531 42
1731864384596 0.8707 43
1731864427547 0.8216 44
1731864470529 0.8433 45
1731864514029 0.8369 46
1731864557483 0.8741 47
1731864600794 0.8729 48
1731864644147 0.8564 49
1731864687583 0.8421 50
1731864730908 0.857 51
1731864774104 0.86 52
1731864817514 0.8436 53
1731864863464 1.3809 54
1731864906937 0.8517 55
1731864950093 0.8668 56
1731864993501 0.8287 57
1731865036760 0.841 58
1731865080201 0.8629 59
1731865123397 0.8494 60
1731865166720 0.8144 61
1731865209689 0.8525 62
1731865252758 0.8469 63
1731865296001 0.8432 64
1731865339178 0.8289 65
