1731862556925 3.188 1
1731862598238 3.1925 2
1731862642588 3.0498 3
1731862685402 2.7182 4
1731862728952 2.2137 5
1731862772052 1.7088 6
1731862815237 1.4761 7
1731862858712 1.3045 8
1731862901947 1.1413 9
1731862945367 1.0697 10
1731862988864 0.9849 11
1731863032471 0.9771 12
1731863075818 0.9218 13
1731863121687 1.5305 14
1731863164935 0.9182 15
1731863208038 0.9326 16
1731863251536 0.9157 17
1731863294984 0.9055 18
1731863338284 0.9161 19
1731863381460 0.9113 20
1731863425050 0.9128 21
1731863468354 0.8853 22
1731863511758 0.9098 23
1731863555000 0.9034 24
1731863598058 0.8875 25
1731863641236 0.9042 26
1731863687874 1.459 27
1731863731184 0.8746 28
1731863774349 0.9171 29
1731863817999 0.8823 30
1731863861273 0.8756 31
1731863904827 0.8752 32
1731863947878 0.8757 33
1731863991050 0.8609 34
1731864034322 0.8514 35
1731864077699 0.8641 36
1731864120987 0.8765 37
1731864164535 0.8847 38
1731864208027 0.863 39
1731864251457 1.2568 40
1731864297931 1.0701 41
1731864341456 0.8531 42
1731864384601 0.8707 43
1731864427555 0.8216 44
1731864470535 0.8433 45
1731864514034 0.8369 46
1731864557489 0.8741 47
1731864600801 0.8729 48
1731864644153 0.8564 49
1731864687588 0.8421 50
1731864730913 0.857 51
1731864774109 0.86 52
1731864817520 0.8436 53
1731864863468 1.3809 54
1731864906942 0.8517 55
1731864950098 0.8668 56
1731864993505 0.8287 57
1731865036765 0.841 58
1731865080206 0.8629 59
1731865123404 0.8494 60
1731865166726 0.8144 61
1731865209694 0.8525 62
1731865252762 0.8469 63
1731865296006 0.8432 64
1731865339183 0.8289 65
